0
0 1
0 1 10 90 720 5040 30240 151200 604800 1814400 3628800
0 1 2 3 4 5 6 7 8 9 10 11
0 1 2 6 24 120 720 5040 40320 362880 3628800
0 1 2 6 24 120 720 5040 40320 362880 3628800 39916800 479001600 6227020800 87178291200
0 1 32767 1073676289 35181150961663 1152780773560811521 6915558732868616193 2308798457814745087
0 1 3628800
0 10
0 10 9 8 7 6 5 4 3 2 1
0 11
0 14
0 2
0 2 3 4 5 6 7 8
0 2 3 4 5 6 7 8 9 10
0 2 3 4 5 6 7 8 9 10 11
0 2 3 4 5 6 7 8 9 10 11 12 13 14 15
0 2 3 4 5 6 7 8 9 10 11 3628800
0 3 10
0 3628800
1
1 10
1 2 6 24 120 720 5040 40320
1 2 6 24 120 720 5040 40320 362880 3628800
10
10 3628800
10 9 8
10 9 8 7 6 5 4 3 2 1
10 9 8 7 6 5 4 3 2 1 0
U
U 0
U 0 3628800
U 1
U 1 140737351948574 0 206158430216 140737351865920 140737488345664 140737354130600 4195048 140737488345152
U 3628800
U 1 10
U 1 2 6 24 120 720 5040 40320
U 1 2 6 24 120 720 5040 40320 362880 3628800
U 140733193388042
U 281474976691328 844424930073984 3377699720295936 16888498601479680 101330991608878080 709316941262146560 5674535530097172480
2 3 4 5 6 7 8
2 3 4 5 6 7 8 9 10 11
U
U 0 10
U 10
U 3628800
U
U 1
U 3628800
U 2 6 24 120 720 5040 40320 362880 3628800
U 10
